muxiveo-rife-selector 1
# Poids du sélecteur appris du moteur hybride (voir src/selector_weights.h pour le format).
# model <famille> <candidats> <bmin> <bmax> <nfeat> <ncand>, puis mu, sd (nfeat valeurs), weight
# (ncand x nfeat, candidat par candidat) et bias (ncand).
model v415mvo 5 0 0 7 2  # R1,MC
mu -5.8423319 -4.903729 -4.5586963 -1.3053503 -5.446435 0.049186777 0.0
sd 1.0000696 1.0043634 1.4020941 0.63818914 1.1795403 0.21625884 1.0
weight -0.23983166 -0.17826037 -0.12937966 0.060212243 -0.0047580069 0.063524701 -0.57891959
weight 0.24019109 0.17825997 0.12936313 -0.060213272 0.0045923181 -0.063524157 0.57892048
bias 3.3791945 -1.3791971
model v415mvo 7 0 0 9 3  # R1,R05,MC
mu -5.7290664 -5.4342575 -5.133389 -4.1382389 -1.296331 -5.3154378 -4.9603105 0.049098894 0.0
sd 0.93020946 1.1452812 0.85082531 1.408527 0.58707237 1.0765766 1.3144735 0.21607561 1.0
weight 0.023613086 0.016303366 0.15580921 -0.13592099 -0.019501263 -0.35736045 0.097103842 0.041198634 -0.57174486
weight 0.11334041 -0.39453536 -0.50279284 0.11768685 0.32189327 0.13420556 -0.15120649 -0.022600258 0.028276859
weight -0.19509082 0.48247609 0.35603178 0.025647737 -0.3022514 0.2959595 0.10063876 -0.018593904 0.58782017
bias 1.7528943 1.5709637 -3.3626883
model v46 5 0 0 7 2  # R1,MC
mu -5.6689444 -4.903729 -4.5586963 -1.3063716 -5.2538366 0.049186777 0.0
sd 0.96769261 1.0043634 1.4020941 0.6390934 1.1203632 0.21625884 1.0
weight 0.034975834 -0.23658302 -0.024969099 0.052869286 -0.062981643 0.073588282 -0.47056088
weight -0.033216882 0.23660995 0.024282726 -0.052878816 0.06180438 -0.073585838 0.47033045
bias 1.8988838 0.10110991
model v46 7 0 0 9 3  # R1,R05,MC
mu -5.5414834 -5.3024373 -5.133389 -4.1382389 -1.2983816 -5.0909381 -4.8246603 0.049098894 0.0
sd 1.0046871 1.0997859 0.85082531 1.408527 0.58921856 1.1453506 1.2516624 0.21607561 1.0
weight 0.029793853 0.1686153 0.10124327 -0.057719853 -0.038227089 -0.3476769 0.20187905 0.022798244 -0.35325637
weight 0.12161524 -0.20537698 -0.35536039 0.037549883 0.18669708 0.10796013 -0.25663924 0.010674842 -0.032269668
weight -0.18035357 0.048713725 0.2764532 0.034052804 -0.14848328 0.35013598 0.068899609 -0.033466902 0.41229919
bias 0.9827475 1.6787934 -0.88305295
model v46 5 8 12 7 2  # R1,MC
mu -5.6689444 -4.903729 -4.5586963 -1.3063716 -5.2538366 0.049186777 0.0
sd 0.96769261 1.0043634 1.4020941 0.6390934 1.1203632 0.21625884 1.0
weight 0.1397738 -0.19932207 -0.22799644 -0.014537505 0.036688495 0.036324691 -0.27037972
weight -0.13803224 0.1993487 0.22731686 0.0145282 -0.037854027 -0.036322229 0.2701515
bias 1.6663755 0.33361819
model v46 7 8 12 9 3  # R1,R05,MC
mu -5.5414834 -5.3024373 -5.133389 -4.1382389 -1.2983816 -5.0909381 -4.8246603 0.049098894 0.0
sd 1.0046871 1.0997859 0.85082531 1.408527 0.58921856 1.1453506 1.2516624 0.21607561 1.0
weight 0.12070562 0.17011097 0.089545123 -0.20826633 -0.057451263 -0.33473033 0.17347179 0.0078543676 -0.29627305
weight -0.041423157 -0.069121569 -0.28992411 0.0039853766 0.034905091 -0.019709863 -0.12728825 -0.14226809 0.071716458
weight -0.1079399 -0.089155599 0.22249395 0.21802661 0.022533117 0.46376625 -0.032184497 0.13441962 0.25106424
bias 0.99076611 1.5105275 -0.72280586
model v46 5 16 20 7 2  # R1,MC
mu -5.6689444 -4.903729 -4.5586963 -1.3063716 -5.2538366 0.049186777 0.0
sd 0.96769261 1.0043634 1.4020941 0.6390934 1.1203632 0.21625884 1.0
weight 0.094446033 -0.29966202 -0.013832282 0.038356118 -0.0078766001 0.049799256 -0.46590737
weight -0.09270446 0.2996887 0.013152731 -0.038365725 0.0067110094 -0.049796801 0.46567371
bias 1.6493946 0.35059917
model v46 7 16 20 9 3  # R1,R05,MC
mu -5.5414834 -5.3024373 -5.133389 -4.1382389 -1.2983816 -5.0909381 -4.8246603 0.049098894 0.0
sd 1.0046871 1.0997859 0.85082531 1.408527 0.58921856 1.1453506 1.2516624 0.21607561 1.0
weight -0.030480487 0.15678737 -0.0026993908 0.045066103 0.040741321 -0.30516303 0.17935339 0.033219252 -0.34975874
weight 0.094491065 -0.094069324 -0.37385276 0.006714487 0.036391411 0.059458677 -0.12878513 -0.017819827 -0.031950168
weight -0.092671931 -0.050879806 0.39867315 -0.038032278 -0.077145539 0.35502881 -0.036565404 -0.015396147 0.40821695
bias 0.9705053 1.5788816 -0.77089852
model v415 5 0 0 7 2  # R1,MC
mu -5.7238793 -4.903729 -4.5586963 -1.3064581 -5.3270764 0.049186777 0.0
sd 0.9636246 1.0043634 1.4020941 0.63928241 1.1292797 0.21625884 1.0
weight 0.056113519 -0.23840858 -0.096823752 0.093264572 -0.14518657 0.057088636 -0.47669202
weight -0.054722622 0.23841543 0.096421808 -0.093269765 0.1443022 -0.057083756 0.47662395
bias 2.3111887 -0.31119853
model v415 7 0 0 9 3  # R1,R05,MC
mu -5.5660753 -5.359735 -5.133389 -4.1382389 -1.2984828 -5.1577616 -4.891109 0.049098894 0.0
sd 0.88410002 1.098181 0.85082531 1.408527 0.58939862 1.0227611 1.2609173 0.21607561 1.0
weight 0.009775036 0.23420383 0.15313846 -0.15599261 -0.023731155 -0.34539318 0.11567029 0.014496112 -0.23709372
weight 0.14654601 -0.25203961 -0.45390069 0.089213826 0.20064506 0.12864682 -0.21520019 0.012143573 -0.18499511
weight -0.18238977 0.040217113 0.31863412 0.079322152 -0.17693128 0.29140154 0.12871267 -0.026639361 0.43778193
bias 1.0969765 1.6592586 -1.184067
model v415mvo 13 0 0 9 3  # R1,MC,Rbwd
mu -5.8423309 -6.1872749 -4.9037285 -4.5586958 -1.3053502 -5.4464345 -5.8875599 0.049186774 0.0
sd 1.0000696 0.7447117 1.0043634 1.4020941 0.63818914 1.1795402 0.9067896 0.21625885 1.0
weight 0.062535726 0.011362299 -0.10682039 -0.18569626 -0.035567854 -0.06217077 -0.11465728 -0.017943986 -0.50874627
weight 0.4945114 -0.12512709 0.23219474 0.16423485 -0.15096192 0.012023826 0.14438085 -0.10185064 0.75189495
weight -0.54626751 0.11072995 -0.125369 0.023285052 0.18654136 0.056318577 -0.016035151 0.11981296 -0.24267112
bias 2.4059093 -2.8944948 2.4170318
model v415mvo 15 0 0 11 4  # R1,R05,MC,Rbwd
mu -5.7290664 -5.4342575 -5.8955622 -5.133389 -4.1382389 -1.296331 -5.3154378 -4.9603105 -5.5221887 0.049098894 0.0
sd 0.93020946 1.1452812 0.86685681 0.85082531 1.408527 0.58707237 1.0765766 1.3144735 1.0361797 0.21607561 1.0
weight 0.045496982 0.18004632 0.12343863 0.12106857 -0.11599243 -0.076433077 -0.48397964 -0.12166554 0.22068883 0.0053590778 -0.5294131
weight 0.1646488 -0.3661682 -0.15956768 -0.56849349 0.15392381 0.38702261 0.38882691 -0.080145583 -0.22356422 -0.059419315 0.21504714
weight -0.19520627 0.63063401 -0.026218787 0.39803317 0.069770262 -0.31661978 0.22915915 0.080161847 0.14422446 -0.037898596 0.81919062
weight -0.064402275 -0.3487539 0.10765355 0.052668486 -0.09702491 0.0061571458 -0.12093771 0.16815169 -0.081202373 0.091958895 -0.47751662
bias 0.95254129 1.3981856 -4.2086091 1.5969981
model v46 13 0 0 9 3  # R1,MC,Rbwd
mu -5.6689429 -5.7352014 -4.9037285 -4.5586958 -1.3063715 -5.2538366 -5.3577561 0.049186774 0.0
sd 0.96769261 0.79054421 1.0043634 1.4020941 0.6390934 1.1203632 0.89153475 0.21625885 1.0
weight 0.12669002 0.040466901 -0.31739154 -0.085835412 0.033948723 0.014730499 -0.07070902 0.070513837 -0.34502694
weight 0.095855273 -0.024334999 -0.10616853 0.041739304 0.045620244 -0.378959 0.35480374 -0.076958582 0.063263528
weight -0.27889985 -0.025076089 0.42398822 0.053297557 -0.079573788 0.37331563 -0.20154396 0.0064508328 0.28756553
bias 1.2546222 0.33629242 1.057478
model v46 15 0 0 11 4  # R1,R05,MC,Rbwd
mu -5.5414834 -5.3024373 -5.4954958 -5.133389 -4.1382389 -1.2983816 -5.0909381 -4.8246603 -5.0970273 0.049098894 0.0
sd 1.0046871 1.0997859 0.88685757 0.85082531 1.408527 0.58921856 1.1453506 1.2516624 1.0062231 0.21607561 1.0
weight 0.033946306 0.25278404 0.15260798 -0.11169829 -0.095383517 -0.052873615 -0.36905023 0.059962522 0.098717034 -0.0079462584 -0.40393156
weight 0.22527005 -0.091286421 -0.18770029 -0.48606044 0.028804282 0.25545147 0.34337515 -0.1811264 -0.31432876 -0.016506804 0.14218311
weight -0.16241054 0.10609653 0.075301722 -0.011698692 0.035686269 -0.056022927 0.019489994 -0.23318017 0.38581842 -0.026261814 0.061569057
weight -0.1630618 -0.29250529 -0.024192728 0.62197459 0.040027581 -0.14655589 0.069507539 0.37351361 -0.12482396 0.050721548 0.20732851
bias 0.51465273 1.6703852 -0.38993558 0.46589833
model v46 13 8 12 9 3  # R1,MC,Rbwd
mu -5.6689429 -5.7352014 -4.9037285 -4.5586958 -1.3063715 -5.2538366 -5.3577561 0.049186774 0.0
sd 0.96769261 0.79054421 1.0043634 1.4020941 0.6390934 1.1203632 0.89153475 0.21625885 1.0
weight 0.13755447 0.0088553056 -0.13929006 -0.15396906 -0.012609206 0.027259585 -0.087961055 0.038511571 -0.2643854
weight 0.028101793 -0.024953593 -0.062095288 0.12305063 0.046860233 -0.41519868 0.3361614 -0.050384473 -0.028580029
weight -0.22145182 0.0072445152 0.20180948 0.04002988 -0.034254897 0.3969374 -0.16646551 0.011883456 0.29870954
bias 1.1744897 0.41608071 1.0578229
model v46 15 8 12 11 4  # R1,R05,MC,Rbwd
mu -5.5414834 -5.3024373 -5.4954958 -5.133389 -4.1382389 -1.2983816 -5.0909381 -4.8246603 -5.0970273 0.049098894 0.0
sd 1.0046871 1.0997859 0.88685757 0.85082531 1.408527 0.58921856 1.1453506 1.2516624 1.0062231 0.21607561 1.0
weight 0.13627322 0.29817772 0.069059655 -0.097161397 -0.17329621 -0.10385661 -0.32353231 0.097170688 0.050285898 -0.039426498 -0.36960405
weight 0.01375264 -0.06016371 -0.057510521 -0.4180429 0.032108787 0.075824842 0.19951577 -0.12907603 -0.21416976 -0.16390191 0.2473741
weight -0.094064198 0.033621177 -0.0011015028 -0.0045079035 0.13576433 0.059151839 0.13253486 -0.26804262 0.37555978 0.14677551 -0.046630982
weight -0.12161467 -0.29640892 0.0053107184 0.53201813 0.014376665 -0.03116128 0.054111019 0.31882045 -0.16685067 0.056449097 0.17602171
bias 0.51700026 1.5044348 -0.28676024 0.52624184
model v46 13 16 20 9 3  # R1,MC,Rbwd
mu -5.6689429 -5.7352014 -4.9037285 -4.5586958 -1.3063715 -5.2538366 -5.3577561 0.049186774 0.0
sd 0.96769261 0.79054421 1.0043634 1.4020941 0.6390934 1.1203632 0.89153475 0.21625885 1.0
weight 0.1531501 -0.031292673 -0.21384762 -0.069900714 0.082166322 0.04750156 -0.090948358 0.040783085 -0.34161079
weight 0.042869907 -0.028338125 0.12941258 0.0030984282 0.041590169 -0.38810918 0.30920774 -0.057121933 0.062637158
weight -0.25190642 0.050750196 0.084767371 0.075824797 -0.1237848 0.34951907 -0.13658018 0.016414475 0.28471833
bias 1.1732341 0.45390409 1.0211765
model v46 15 16 20 11 4  # R1,R05,MC,Rbwd
mu -5.5414834 -5.3024373 -5.4954958 -5.133389 -4.1382389 -1.2983816 -5.0909381 -4.8246603 -5.0970273 0.049098894 0.0
sd 1.0046871 1.0997859 0.88685757 0.85082531 1.408527 0.58921856 1.1453506 1.2516624 1.0062231 0.21607561 1.0
weight 0.057216968 0.31941295 -0.017297694 -0.12184118 -0.032275405 0.053089257 -0.31321988 0.094459169 0.011160986 0.0056492141 -0.39993224
weight 0.13236609 -0.05796979 -0.0081880121 -0.43490234 -0.045065783 0.092173688 0.23617648 -0.12599778 -0.18440935 -0.034621317 0.14077538
weight -0.10663997 0.042917121 0.033448279 0.23188177 -0.044130109 0.023043497 0.033446521 -0.29055998 0.33597997 -0.022411777 0.060959462
weight -0.14854972 -0.32902843 0.0078900317 0.33725485 0.13051133 -0.16830963 0.10628749 0.34107581 -0.11780293 0.051393557 0.20527574
bias 0.52159375 1.5574954 -0.31325135 0.49515793
model v415 13 0 0 9 3  # R1,MC,Rbwd
mu -5.7238784 -5.969131 -4.9037285 -4.5586958 -1.306458 -5.327076 -5.6563578 0.049186774 0.0
sd 0.96362454 0.68799394 1.0043634 1.4020941 0.63928241 1.1292796 0.80921721 0.21625885 1.0
weight 0.30798426 0.062538542 -0.087939426 -0.125946 -0.0026248188 -0.087387718 -0.20830299 0.020375868 -0.36042005
weight 0.050139654 -0.14355488 0.16443348 0.11457817 -0.13718271 -0.031057974 0.28231123 -0.059679985 0.31900355
weight -0.42723086 0.078208737 -0.076483838 0.013700432 0.13982657 0.14013639 -0.044651661 0.039309751 0.041600633
bias 1.495587 -0.32628903 1.6897216
model v415 15 0 0 11 4  # R1,R05,MC,Rbwd
mu -5.5660753 -5.359735 -5.7577772 -5.133389 -4.1382389 -1.2984828 -5.1577616 -4.891109 -5.4027033 0.049098894 0.0
sd 0.88410002 1.098181 0.78116041 0.85082531 1.408527 0.58939862 1.0227611 1.2609173 0.93193781 0.21607561 1.0
weight 0.12904525 0.42283919 0.09726534 0.019381242 -0.10791607 -0.098303989 -0.32942331 -0.026299942 0.060789701 0.015437948 -0.30637589
weight 0.18041931 -0.21160637 -0.094491929 -0.45701632 0.12458048 0.16624317 0.27689853 -0.13887906 -0.17214169 -0.0021496026 -0.12307487
weight -0.10084963 0.047458071 -0.1244211 0.23545823 0.14427221 -0.18154475 0.19134277 0.014960811 0.24652685 -0.020004954 0.45772073
weight -0.29189223 -0.2517108 0.17063193 0.20928463 -0.15922277 0.11358933 -0.11901329 0.1928678 -0.069300517 0.0067245793 -0.023251075
bias -0.0047133691 1.6687013 -1.1633029 1.3466079
model v415mvo 21 0 0 11 3  # R1,MC,NV
mu -5.8792982 -5.8890314 -4.903729 -4.5586963 -1.3053503 -5.4884758 -5.4816022 -3.9853663 -2.3900139 0.049186777 0.0
sd 0.95093554 0.98713481 1.0043634 1.4020941 0.63818914 1.1305934 1.1710869 2.3394494 2.2799613 0.21625885 1.0
weight -0.12033545 -0.10398909 -0.042220484 -0.058687031 0.060939416 0.18933325 -0.25528035 0.018261662 -0.65575403 0.057907734 -0.47906405
weight 0.48671138 -0.15745367 0.11412328 0.20401408 -0.077462018 -0.26477808 0.15219675 0.43670285 -0.54032177 -0.089989685 -0.061907701
weight -0.20386744 0.20907736 -0.072017655 -0.11181328 0.016550072 -0.0042390809 0.16155817 -0.37003109 1.1188041 0.032092471 0.54143161
bias 3.8230119 -1.4874539 -1.5253818
model v415mvo 23 0 0 13 4  # R1,R05,MC,NV
mu -5.7290664 -5.4875269 -5.4754882 -5.133389 -4.1382389 -1.296331 -5.3154378 -5.0167155 -4.9829812 -2.7437522 -0.97874492 0.049098894 0.0
sd 0.93020946 1.0905687 1.1359441 0.85082531 1.408527 0.58707237 1.0765766 1.2651091 1.3134089 2.5305841 1.9905922 0.21607561 1.0
weight 0.084206358 0.13508452 -0.16996576 0.23148133 -0.10629844 -0.043669771 -0.25131458 0.10580993 -0.27151346 0.065221548 -0.49320507 0.019031478 -0.64802051
weight 0.082635254 -0.33166426 -0.032248739 -0.44022748 0.063121632 0.26819152 0.076002933 -0.04317122 0.076767534 -0.33306023 0.0039410861 0.00062125624 -0.062369552
weight -0.17585884 0.70555657 -0.11962648 0.25980338 0.1185941 -0.19218808 0.048048861 0.10017317 0.093765743 0.43935177 -0.14743432 -0.055598713 0.21087031
weight -0.028590003 -0.38771671 0.32483873 -0.055342376 -0.05361658 -0.031684633 0.16479042 -0.11038418 0.15808749 -0.14130472 0.6518662 0.035886262 0.53305328
bias 2.4674191 2.0315633 -3.7780178 -1.4959987
model v46 21 0 0 11 3  # R1,MC,NV
mu -5.7025146 -5.7144065 -4.903729 -4.5586963 -1.3063716 -5.2929249 -5.2903643 -3.9853663 -2.3900139 0.049186777 0.0
sd 0.92257893 0.96636075 1.0043634 1.4020941 0.6390934 1.0748215 1.1263856 2.3394494 2.2799613 0.21625885 1.0
weight 0.031183919 -0.01674393 -0.17477888 0.094719961 0.0012093802 0.19180068 -0.25411233 -0.023298945 -0.5484286 0.071118146 -0.27060577
weight 0.08388821 -0.14058399 0.29154122 -0.013887255 -0.025260765 -0.29035914 0.19303696 0.42675072 -0.57530415 -0.088373497 -0.078421198
weight -0.087311104 0.1196291 -0.11355808 -0.07949923 0.024051931 0.010853 0.14267056 -0.28937986 1.0221702 0.017285869 0.34630984
bias 2.3850775 1.1062548 -0.85561377
model v46 23 0 0 13 4  # R1,R05,MC,NV
mu -5.5414834 -5.3525991 -5.3380141 -5.133389 -4.1382389 -1.2983816 -5.0909381 -4.8794622 -4.8466172 -2.7437522 -0.97874492 0.049098894 0.0
sd 1.0046871 1.0463412 1.1078553 0.85082531 1.408527 0.58921856 1.1453506 1.2031981 1.2698627 2.5305841 1.9905922 0.21607561 1.0
weight 0.07261759 0.22658247 -0.015557389 0.11613468 -0.005379071 -0.072234906 -0.14710204 0.22513258 -0.48751485 0.11904116 -0.3780337 -0.0084955525 -0.43017682
weight 0.090304516 -0.1939778 -0.033959415 -0.36600864 0.002637526 0.18947747 -0.10268856 -0.16453385 0.2767908 -0.29575372 0.15945907 0.034241937 -0.080251127
weight -0.094314605 0.17004319 -0.13626717 0.33230725 0.0071279001 -0.10282735 0.15693894 -0.089955077 0.11541384 0.28254738 -0.27098814 -0.059084609 0.011566944
weight -0.095230646 -0.23388939 0.17366248 -0.081478275 -0.0013683509 -0.014427697 0.15609798 -0.015822304 0.2313223 -0.10004744 0.50926214 0.03334035 0.50676286
bias 1.4132692 1.9363171 -0.35440052 -0.68898869
model v46 21 8 12 11 3  # R1,MC,NV
mu -5.7025146 -5.7144065 -4.903729 -4.5586963 -1.3063716 -5.2929249 -5.2903643 -3.9853663 -2.3900139 0.049186777 0.0
sd 0.92257893 0.96636075 1.0043634 1.4020941 0.6390934 1.0748215 1.1263856 2.3394494 2.2799613 0.21625885 1.0
weight 0.11073764 -0.071605444 -0.1475288 0.0052814032 -0.037706207 0.24322677 -0.20100741 0.13262041 -0.45935354 0.067358635 -0.11022764
weight -0.042889375 0.022038855 0.21300603 0.052228995 0.012441789 -0.35311615 0.22686228 0.2708222 -0.62744087 -0.12614492 -0.18990467
weight -0.040361866 0.012241523 -0.062303957 -0.056189828 0.025265753 0.023052402 0.054933053 -0.29050016 0.98623788 0.058817584 0.29744169
bias 2.2179401 1.2510917 -0.83331317
model v46 23 8 12 13 4  # R1,R05,MC,NV
mu -5.5414834 -5.3525991 -5.3380141 -5.133389 -4.1382389 -1.2983816 -5.0909381 -4.8794622 -4.8466172 -2.7437522 -0.97874492 0.049098894 0.0
sd 1.0046871 1.0463412 1.1078553 0.85082531 1.408527 0.58921856 1.1453506 1.2031981 1.2698627 2.5305841 1.9905922 0.21607561 1.0
weight 0.11557377 0.23378658 -0.040173143 0.098249123 -0.1279586 -0.024796918 -0.21404283 0.28737271 -0.45205361 0.064396143 -0.26252538 -0.020590048 -0.35693264
weight -0.04145724 -0.10663579 0.059247535 -0.25881279 -0.01727969 0.079474986 -0.17796911 -0.23255846 0.3173756 0.002873898 0.094123244 -0.15728787 0.028452313
weight -0.0097985649 0.017740238 -0.11084794 0.2524071 0.12562169 -0.015657797 0.3322019 -0.10847762 0.113895 -0.01188489 -0.31186259 0.070925653 -0.14485899
weight -0.090917572 -0.17568938 0.079781547 -0.090778969 0.022535456 -0.039323647 0.1221348 0.008886978 0.15547866 -0.049818382 0.4995746 0.10700309 0.48127112
bias 1.4072801 1.7947794 -0.23920919 -0.65683639
model v46 21 16 20 11 3  # R1,MC,NV
mu -5.7025146 -5.7144065 -4.903729 -4.5586963 -1.3063716 -5.2929249 -5.2903643 -3.9853663 -2.3900139 0.049186777 0.0
sd 0.92257893 0.96636075 1.0043634 1.4020941 0.6390934 1.0748215 1.1263856 2.3394494 2.2799613 0.21625885 1.0
weight 0.014970982 0.010559659 -0.27590004 0.14055057 0.060414311 0.22280681 -0.17326653 -0.048008498 -0.65487683 0.085789882 -0.26792651
weight -0.020459259 -0.080838077 0.4073064 -0.031205542 0.020403972 -0.3299216 0.2039232 0.36661601 -0.62504125 -0.091134988 -0.07764475
weight 0.032593094 0.032569457 -0.12861961 -0.10842443 -0.081125572 0.019885192 0.049742062 -0.20603126 1.1790009 0.0055398489 0.34288093
bias 2.1844876 1.2277797 -0.77693361
model v46 23 16 20 13 4  # R1,R05,MC,NV
mu -5.5414834 -5.3525991 -5.3380141 -5.133389 -4.1382389 -1.2983816 -5.0909381 -4.8794622 -4.8466172 -2.7437522 -0.97874492 0.049098894 0.0
sd 1.0046871 1.0463412 1.1078553 0.85082531 1.408527 0.58921856 1.1453506 1.2031981 1.2698627 2.5305841 1.9905922 0.21607561 1.0
weight 0.028383013 0.21850152 -0.022339791 0.01325436 0.10564812 0.019064391 -0.14805655 0.23245303 -0.43452111 0.084001549 -0.49342546 0.018281087 -0.42591736
weight 0.020509074 -0.10596765 0.03185131 -0.34825146 -0.011555993 0.042887412 -0.18550441 -0.085140079 0.30721191 -0.31886673 0.2936362 0.025732834 -0.07945656
weight -0.057081215 0.078156121 -0.13580091 0.51603395 -0.08679086 -0.048004266 0.1626848 -0.17565195 0.091657974 0.28217292 -0.28477782 -0.071689323 0.011452419
weight -0.018201994 -0.22164132 0.11426479 -0.18010274 -0.0043399073 -0.013989054 0.23346066 -0.016414272 0.17029309 -0.041601151 0.50403893 0.027669769 0.50411588
bias 1.3898094 1.79725 -0.25104353 -0.6298483
model v415 21 0 0 11 3  # R1,MC,NV
mu -5.7587571 -5.7684522 -4.903729 -4.5586963 -1.3064581 -5.3671861 -5.3600864 -3.9853663 -2.3900139 0.049186777 0.0
sd 0.91576308 0.9636566 1.0043634 1.4020941 0.63928241 1.0807739 1.1353409 2.3394494 2.2799613 0.21625885 1.0
weight 0.035216179 -0.030203005 -0.16388386 -0.017252913 0.048377335 0.17184742 -0.25033903 0.02726665 -0.70974076 0.057816215 -0.2479106
weight 0.10349629 -0.21189804 0.22636245 0.12897789 -0.072925903 -0.19507305 0.21462141 0.38727918 -0.50004792 -0.069623023 -0.12576193
weight -0.0943335 0.15790462 -0.060199775 -0.076649934 0.024535473 -0.045883067 0.12752841 -0.2931796 1.0827749 0.011826789 0.36393869
bias 2.8697207 0.5699572 -0.99922168
model v415 23 0 0 13 4  # R1,R05,MC,NV
mu -5.5660753 -5.411046 -5.3874502 -5.133389 -4.1382389 -1.2984828 -5.1577616 -4.9467468 -4.9001207 -2.7437522 -0.97874492 0.049098894 0.0
sd 0.88410002 1.0427371 1.1098546 0.85082531 1.408527 0.58939862 1.0227611 1.2099068 1.2788363 2.5305841 1.9905922 0.21607561 1.0
weight 0.009745351 0.35077593 -0.010506933 0.17044647 -0.097121567 -0.043564968 -0.19482043 0.19611441 -0.52483481 0.12079281 -0.45429611 -0.017987872 -0.26840523
weight 0.13474223 -0.25303718 -0.047122791 -0.46476635 0.037612177 0.21211655 -0.033030294 -0.13189718 0.31301016 -0.21930936 0.031548258 0.047267925 -0.2335728
weight -0.10150724 0.15756908 -0.16189282 0.3285484 0.093147136 -0.14185598 0.16561759 0.014142865 0.14202812 0.20251466 -0.19707398 -0.043821152 0.019160658
weight -0.049191315 -0.28428841 0.20254354 -0.033134319 -0.025302967 -0.026704149 0.1323709 -0.093335852 0.17606583 -0.097496592 0.63372785 0.014553329 0.48486423
bias 1.6185415 1.8694042 -0.76127589 -0.63255167
model v415mvo 29 0 0 13 4  # R1,MC,Rbwd,NV
mu -5.8792977 -6.1872749 -5.8890309 -4.9037285 -4.5586958 -1.3053502 -5.4884753 -5.8875599 -5.4816017 -3.9853661 -2.3900137 0.049186774 0.0
sd 0.95093554 0.7447117 0.98713481 1.0043634 1.4020941 0.63818914 1.1305934 0.9067896 1.1710869 2.3394494 2.2799613 0.21625885 1.0
weight 0.043548286 0.085317895 -0.13666134 0.038364727 -0.14508758 -0.053353507 0.19544467 0.026287446 -0.50823641 -0.0011976419 -0.51399785 -0.050594058 -0.43359169
weight 0.65940303 -0.16170964 -0.070421286 0.09453512 0.26102161 -0.15181135 -0.17927495 0.16282199 0.097613752 0.41964027 -0.30865705 -0.13986436 0.26236236
weight -0.35989431 0.015340944 -0.10454125 -0.063723654 0.020798458 0.16668519 0.08044178 -0.076532997 0.12286654 0.01332172 -0.50261986 0.14603873 -0.484231
weight -0.2834028 0.042562447 0.29399404 -0.070436038 -0.12027952 0.038922157 -0.096200332 -0.092521489 0.33976752 -0.41155446 1.3123834 0.044363622 0.66987628
bias 3.4173379 -3.2336085 3.4184711 -1.8044484
model v415mvo 31 0 0 15 5  # R1,R05,MC,Rbwd,NV
mu -5.7290664 -5.4875269 -5.8955622 -5.4754882 -5.133389 -4.1382389 -1.296331 -5.3154378 -5.0167155 -5.5221887 -4.9829812 -2.7437522 -0.97874492 0.049098894 0.0
sd 0.93020946 1.0905687 0.86685681 1.1359441 0.85082531 1.408527 0.58707237 1.0765766 1.2651091 1.0361797 1.3134089 2.5305841 1.9905922 0.21607561 1.0
weight 0.10863449 0.13650365 0.18012349 -0.1435219 0.22675303 -0.090821527 -0.11499326 -0.39968774 -0.077713832 0.26714319 -0.31796426 0.035674293 -0.40986016 -0.021688379 -0.5584873
weight 0.12099409 -0.34641689 -0.16708839 -0.0015280499 -0.51815772 0.070731759 0.31726134 0.26552671 0.025749978 -0.16804862 0.1341639 -0.37699679 0.11165687 -0.019176245 0.075297266
weight -0.2209115 0.82388556 0.03185191 -0.10419229 0.24162 0.16857663 -0.17756552 -0.044255886 0.15399046 0.072292991 0.17304485 0.49357492 -0.062891625 -0.079800121 0.45474887
weight -0.014991743 -0.096345052 0.031401396 -0.14313067 0.12428237 -0.076752096 0.0080989506 -0.081332564 0.042532902 -0.035718672 -0.20199475 0.017026123 -0.36933699 0.096297249 -0.64812684
weight -0.026063541 -0.4359417 -0.044238847 0.38725847 -0.079745106 -0.057195418 -0.032066517 0.26877064 -0.084755123 -0.12477771 0.25295955 -0.14858343 0.73837495 0.024266219 0.7002852
bias 1.8358586 2.0641279 -4.8274369 2.606751 -1.5888808
model v46 29 0 0 13 4  # R1,MC,Rbwd,NV
mu -5.7025142 -5.7352014 -5.714406 -4.9037285 -4.5586958 -1.3063715 -5.2929244 -5.3577561 -5.2903638 -3.9853661 -2.3900137 0.049186774 0.0
sd 0.92257893 0.79054421 0.96636075 1.0043634 1.4020941 0.6390934 1.0748215 0.89153475 1.1263856 2.3394494 2.2799613 0.21625885 1.0
weight 0.11500002 0.055456635 -0.01397677 -0.26370615 0.019434122 -0.025298459 0.27505353 0.0095836222 -0.47070825 -0.015325543 -0.31645316 0.058750916 -0.2093171
weight 0.10171084 0.011129581 -0.10140786 0.091057174 0.020425016 0.027313389 -0.26962677 0.35342896 -0.15682185 0.30279213 -0.65635866 -0.065693513 -0.088782527
weight -0.20686421 0.016834121 -0.13309059 0.40302679 0.0594346 -0.12794653 0.10199525 -0.37792838 0.56832486 0.15580277 -0.37112445 0.0074276482 -0.02732012
weight -0.028243138 -0.073387086 0.21032126 -0.22953331 -0.091825195 0.12594506 -0.15434229 0.039271127 0.19625491 -0.39484245 1.2944219 -0.00045069313 0.32547441
bias 1.8177377 1.0924804 1.3862885 -1.0256895
model v46 31 0 0 15 5  # R1,R05,MC,Rbwd,NV
mu -5.5414834 -5.3525991 -5.4954958 -5.3380141 -5.133389 -4.1382389 -1.2983816 -5.0909381 -4.8794622 -5.0970273 -4.8466172 -2.7437522 -0.97874492 0.049098894 0.0
sd 1.0046871 1.0463412 0.88685757 1.1078553 0.85082531 1.408527 0.58921856 1.1453506 1.2031981 1.0062231 1.2698627 2.5305841 1.9905922 0.21607561 1.0
weight 0.054299999 0.25814611 0.22769563 -0.014557937 -0.06596788 -0.00086763978 -0.11088422 -0.13748561 0.14843088 0.09507639 -0.74149209 0.1756096 -0.23234604 -0.061174292 -0.45640659
weight 0.18355136 -0.12000138 -0.20933251 0.010553641 -0.46363324 0.01245806 0.24665628 0.050861888 -0.1089848 -0.25367767 0.34455174 -0.3037366 0.3447431 0.015116609 0.118127
weight -0.082901284 0.21538703 0.066506617 -0.14201415 0.2410703 -0.025700433 -0.046792734 0.026895581 -0.20410389 0.30191261 -0.097295031 0.21669464 -0.36803943 -0.053614073 -0.057840623
weight -0.11650313 -0.23615088 -0.039571889 -0.088976964 0.58800596 -0.0085519785 -0.15734512 -0.041714069 0.28010827 -0.25149268 0.61474866 0.083011694 -0.25067794 0.047456581 0.13241293
weight -0.074485585 -0.14275597 -0.086259119 0.20618986 -0.29821652 0.0222518 0.06836962 0.13479632 -0.14633659 0.10853145 0.067835391 -0.17581286 0.50871313 0.052216589 0.26543251
bias 0.92320114 1.7079443 -0.094940081 0.32260072 0.13643694
model v46 29 8 12 13 4  # R1,MC,Rbwd,NV
mu -5.7025142 -5.7352014 -5.714406 -4.9037285 -4.5586958 -1.3063715 -5.2929244 -5.3577561 -5.2903638 -3.9853661 -2.3900137 0.049186774 0.0
sd 0.92257893 0.79054421 0.96636075 1.0043634 1.4020941 0.6390934 1.0748215 0.89153475 1.1263856 2.3394494 2.2799613 0.21625885 1.0
weight 0.17429051 -0.012525156 -0.032528639 -0.13346219 -0.0027084609 -0.049178701 0.33332047 0.0017832385 -0.42769915 0.029384753 -0.33214107 0.0288288 -0.14705732
weight 0.013117583 0.056936644 0.013562527 0.043484695 0.044083741 0.0002902722 -0.30501035 0.32977441 -0.071840294 0.20483613 -0.6257447 -0.070121258 -0.1454187
weight -0.18203712 0.026433721 -0.1232522 0.27172738 0.063849121 -0.062543005 0.082411014 -0.34098828 0.52325654 0.22158289 -0.3433418 0.013142537 -0.0044767391
weight -0.023656083 -0.060938332 0.10426772 -0.18087381 -0.097934805 0.11132813 -0.15730472 0.033417221 0.11178824 -0.407978 1.2521902 0.02804368 0.29713222
bias 1.7623451 1.1288352 1.4047203 -1.0252254
model v46 31 8 12 15 5  # R1,R05,MC,Rbwd,NV
mu -5.5414834 -5.3525991 -5.4954958 -5.3380141 -5.133389 -4.1382389 -1.2983816 -5.0909381 -4.8794622 -5.0970273 -4.8466172 -2.7437522 -0.97874492 0.049098894 0.0
sd 1.0046871 1.0463412 0.88685757 1.1078553 0.85082531 1.408527 0.58921856 1.1453506 1.2031981 1.0062231 1.2698627 2.5305841 1.9905922 0.21607561 1.0
weight 0.13983662 0.34421539 0.14508016 -0.038600422 -0.062095966 -0.075391978 -0.10144247 -0.13613838 0.25886616 0.051526666 -0.71942538 0.068869323 -0.2032786 -0.11503424 -0.40352362
weight 0.025891365 -0.09003906 -0.11607298 0.095775105 -0.36994761 0.02816801 0.10435909 -0.040766813 -0.20037553 -0.21211217 0.39559054 -0.075396717 0.27830842 -0.17449357 0.21605767
weight -0.050366141 0.10524645 0.041104618 -0.093221836 0.15470883 0.073681459 -0.024130961 0.16898684 -0.20990844 0.34316111 -0.028017305 -0.0035900483 -0.33034429 0.1144632 -0.15373838
weight -0.073405735 -0.2758826 -0.038265686 -0.078860834 0.53891057 -0.038399685 -0.023459744 -0.062499452 0.24814299 -0.27637979 0.56500053 0.12291564 -0.23642102 0.052757598 0.10183261
weight -0.077972747 -0.10957528 -0.073544905 0.085063927 -0.26096711 0.010659114 0.044261765 0.10299999 -0.12812069 0.093042329 -0.027925421 -0.11809735 0.49419737 0.12103462 0.24183103
bias 0.9152416 1.5967158 -0.048245996 0.37901723 0.15149048
model v46 29 16 20 13 4  # R1,MC,Rbwd,NV
mu -5.7025142 -5.7352014 -5.714406 -4.9037285 -4.5586958 -1.3063715 -5.2929244 -5.3577561 -5.2903638 -3.9853661 -2.3900137 0.049186774 0.0
sd 0.92257893 0.79054421 0.96636075 1.0043634 1.4020941 0.6390934 1.0748215 0.89153475 1.1263856 2.3394494 2.2799613 0.21625885 1.0
weight 0.1435608 -0.035248447 0.0020524333 -0.22040023 0.051749546 0.035071123 0.30656809 -0.037281115 -0.42331073 -0.03650536 -0.39052561 0.052786771 -0.20724465
weight 0.042461451 -0.03446446 -0.061900008 0.27696899 -0.027446216 0.028712092 -0.28551596 0.31047195 -0.11545516 0.30161551 -0.65791786 -0.066839352 -0.087903485
weight -0.16877373 0.0062096501 -0.089506485 0.092455663 0.14507277 -0.064016968 0.10682314 -0.35266301 0.55413079 0.076451764 -0.41961399 0.032162886 -0.027049623
weight -0.03555768 0.073471382 0.11173003 -0.14823613 -0.16183533 0.00032990292 -0.17438872 0.10365143 0.12043267 -0.29345357 1.4191413 -0.018418444 0.32225186
bias 1.7333813 1.1710631 1.3411666 -0.97470582
model v46 31 16 20 15 5  # R1,R05,MC,Rbwd,NV
mu -5.5414834 -5.3525991 -5.4954958 -5.3380141 -5.133389 -4.1382389 -1.2983816 -5.0909381 -4.8794622 -5.0970273 -4.8466172 -2.7437522 -0.97874492 0.049098894 0.0
sd 1.0046871 1.0463412 0.88685757 1.1078553 0.85082531 1.408527 0.58921856 1.1453506 1.2031981 1.0062231 1.2698627 2.5305841 1.9905922 0.21607561 1.0
weight 0.085395046 0.30890036 0.07875403 0.002469687 -0.068623796 0.054585502 -0.011943838 -0.10379805 0.18264952 -0.00035514767 -0.697586 0.15985437 -0.30580908 -0.036152627 -0.45188707
weight 0.081803851 -0.0905068 -0.074681103 0.036522489 -0.39105001 -0.018704716 0.093866274 -0.048153695 -0.067271315 -0.16056448 0.36547896 -0.35902354 0.4801136 0.01287134 0.11695743
weight -0.063930973 0.14186075 0.03779529 -0.14004581 0.44574738 -0.12373761 -0.0099623865 0.028686432 -0.26525396 0.28423661 -0.10316339 0.23097962 -0.35886499 -0.069092453 -0.057267949
weight -0.11100706 -0.2104364 -0.031607553 -0.075069167 0.33463782 0.10515017 -0.13284773 -0.033175219 0.27610028 -0.26571015 0.60879159 0.082159199 -0.32110631 0.060986564 0.13110191
weight -0.027797112 -0.17469956 -0.050737597 0.14779785 -0.31935394 -0.017609512 0.061094042 0.18964832 -0.15653388 0.1429878 0.01322184 -0.11751828 0.50807953 0.031381655 0.26280454
bias 0.91637516 1.5840104 -0.03087588 0.35396123 0.17210752
model v415 29 0 0 13 4  # R1,MC,Rbwd,NV
mu -5.7587566 -5.969131 -5.7684517 -4.9037285 -4.5586958 -1.306458 -5.3671856 -5.6563578 -5.360086 -3.9853661 -2.3900137 0.049186774 0.0
sd 0.91576308 0.68799394 0.9636566 1.0043634 1.4020941 0.63928241 1.0807739 0.80921721 1.1353409 2.3394494 2.2799613 0.21625885 1.0
weight 0.38441539 0.15929575 -0.14376175 -0.054739986 -0.10249184 -0.0087197889 0.17292029 -0.1580324 -0.49773005 0.10149809 -0.47924718 -0.0057536443 -0.23008838
weight 0.20772411 -0.088853329 -0.1813252 0.19132368 0.1524367 -0.12225533 -0.2115259 0.18639542 0.10661448 0.33432168 -0.31469145 -0.073932573 -0.10343407
weight -0.33860201 -0.026037619 0.030790342 -0.069310017 0.04941909 0.096565373 0.17053546 -0.022448668 0.15936758 -0.0085179638 -0.57323694 0.06984888 -0.092552356
weight -0.18796821 -0.019962555 0.24513985 -0.066934995 -0.07468541 0.034421626 -0.12614508 0.06397406 0.25249863 -0.35203981 1.2656453 0.0098698158 0.42222348
bias 2.0183091 0.07479056 2.1632562 -1.3016063
model v415 31 0 0 15 5  # R1,R05,MC,Rbwd,NV
mu -5.5660753 -5.411046 -5.7577772 -5.3874502 -5.133389 -4.1382389 -1.2984828 -5.1577616 -4.9467468 -5.4027033 -4.9001207 -2.7437522 -0.97874492 0.049098894 0.0
sd 0.88410002 1.0427371 0.78116041 1.1098546 0.85082531 1.408527 0.58939862 1.0227611 1.2099068 0.93193781 1.2788363 2.5305841 1.9905922 0.21607561 1.0
weight 0.19010831 0.40423697 0.10793616 -0.01480326 0.062133063 -0.062545866 -0.10473648 -0.074188903 0.052346148 0.046272505 -0.79897207 0.21262093 -0.21860287 -0.014822099 -0.38696983
weight 0.21786284 -0.22122456 -0.041361723 -0.06520734 -0.46590772 0.059568446 0.17893328 0.075511061 -0.075944819 -0.18425782 0.28379261 -0.20275621 0.16920277 0.034927364 -0.17775282
weight -0.035299744 0.15503827 -0.090820521 -0.16546103 0.27708223 0.13430013 -0.14498997 0.071696438 -0.040687129 0.16259903 0.22026661 0.19885513 -0.086012192 -0.034533124 0.087574489
weight -0.45552424 -0.050010391 0.11587197 0.016371073 0.149537 -0.12636942 0.11986212 -0.16045943 0.17373145 -0.026517823 0.19968389 -0.097262517 -0.57039303 0.0030537269 -0.03542449
weight -0.016747316 -0.30232754 -0.071416304 0.2032517 -0.022339886 -0.0041944734 -0.048978187 0.097518839 -0.091851145 0.026486931 0.23470175 -0.11430955 0.69873214 0.011380441 0.51299948
bias 0.86373168 1.879252 -0.87314034 1.8511049 -0.37416956
